504403158281345432
1369094286754678403
1297036692707516821
1297036692707674028
576460752347478737
1369094286740551878
864691128474181472
1297036692704633199
576460752357020130
1224979098687223600
576460752324359505
576460752318858314
504403158293833965
1297036692699992609
1008806316551184118
1369094286751389348
576460752324427699
504403158285321341
1008806316552507498
1224979098660304283
648518346356088725
864691128481879972
504403158294034644
1224979098661979258
1224979098681236559
648518346357871551
864691128476875292
1297036692701921091
648518346357851282
1297036692721927582
648518346386383337
576460752365537044
504403158299700301
1224979098660019415
1369094286737161373
1369094286739015664
504403158283883522
504403158287499539
864691128478188189
1224979098660295908
864691128497981993
576460752343775167
1008806316547495759
648518346361713373
504403158281229046
1008806316547512416
1008806316580779549
576460752324439303
1224979098664718055
504403158282570343
504403158285309776
1369094286739685235
1224979098660633511
504403158285010752
504403158284624429
576460752366184225
504403158281520982
648518346378898621
504403158281233037
864691128473563211
576460752354770266
648518346356820184
1369094286737066919
1369094286750895647
648518346354068916
504403158286723639
576460752347121836
1297036692700178824
576460752318309719
576460752319601074
648518346355497223
1369094286737300068
1297036692700779188
1297036692699947464
1224979098664799052
504403158281341625
504403158283135033
576460752355467719
576460752343748025
504403158286655206
504403158297635446
504403158284586769
864691128481830520
864691128504721185
504403158281237127
1008806316553746115
576460752341013543
1008806316547715187
1369094286741717819
1224979098661466215
1297036692714740695
576460752324732264
1369094286742975575
648518346375709928
576460752320400074
1224979098681546420
1297036692706148974
864691128498129631
576460752347156967
504403158281715475
1224979098687482075
864691128497921507
1008806316562555238
648518346354629979
504403158297845208
864691128479838226
1224979098670435991
1369094286754870805
504403158281345432
648518346378898621
576460752324732264
1224979098661950789
504403158281323233
1008806316551265194
1008806316551183005
1224979098665916470
504403158286739846
1224979098687717681
576460752347546915
648518346375600265
504403158300624331
1369094286737157542
1224979098678472930
1369094286737169167
864691128500871306
576460752317913208
648518346361616051
576460752317374211
576460752324425046
648518346355992960
1008806316562671939
504403158281237004
1008806316553863852
648518346373481739
1008806316557188624
1297036692704687899
1008806316570013254
1008806316570055735
1297036692707662591
648518346354066207
1224979098666038119
1008806316562312792
864691128478049139
1297036692709661993
1224979098667224363
1008806316552456679
504403158281235767
648518346373597824
1008806316573231236
504403158297621783
1008806316570477548
864691128476025330
1224979098660014435
576460752324384544
1224979098667224329
1297036692707636217
1297036692709489059
1297036692701385990
504403158281701146
1369094286739819394
648518346354608410
648518346361618844
1008806316551183005
1008806316553863852
648518346368605161
1369094286740533421
1008806316548878195
1008806316555564514
1224979098660024085
648518346354607746
864691128512052462
1224979098660020226
576460752334305685
864691128472669620
576460752321549182
1297036692721793011
1224979098667226044
1297036692699954004
576460752324377976
1369094286738454567
576460752328058934
1297036692701388180
648518346357791187
576460752321559724
648518346354065946
504403158282057520
1369094286765443404
1224979098661464504
1369094286759954631
1369094286737290045
1369094286737297437
1297036692707627820
864691128479906763
1008806316553771501
504403158281701066
576460752326372653
1224979098661975915
504403158300463902
648518346356894237
1224979098660976478
1224979098660962339
1369094286751413280
1369094286754678403
864691128478049139
648518346354607746
504403158281331540
1297036692701942685
864691128474166417
1369094286746825398
576460752317899272
648518346369266969
648518346373655145
504403158281233191
648518346386976872
1297036692701318710
648518346364007508
1297036692699954414
648518346354611838
576460752328327167
648518346354069088
576460752319507141
576460752322809719
576460752321550863
504403158293812487
864691128498000727
1369094286737064872
1224979098660962824
576460752340997064
1369094286751485771
864691128472669680
1008806316547713220
864691128473614703
648518346356081382
1297036692700188300
1297036692709731777
1297036692700782296
1297036692699985460
1369094286754782783
648518346369274864
576460752354957650
648518346360171348
576460752318910624
1008806316562281388
1369094286743107329
864691128498020061
648518346354990009
504403158306524007
1369094286737307524
1369094286751541052
648518346386320778
1369094286737674538
1224979098662830462
1369094286737080697
1224979098686805126
504403158290098543
864691128474153619
504403158283115716
1369094286744495288
1224979098660634221
648518346355495682
1369094286744411171
648518346358843285
576460752322747050
648518346354113218
648518346356101138
648518346363585547
864691128474150496
1297036692699946969
1224979098661193414
504403158290312799
504403158283139462
1008806316570010461
648518346354632467
1297036692724476543
576460752321657266
1297036692700186223
864691128489482345
1369094286739690213
648518346368935732
1224979098681660082
1224979098666006653
504403158294145546
1369094286756653409
576460752328115738
648518346354066122
1369094286738450445
648518346354318493
1297036692700174353
1297036692716758881
1224979098661954842
1369094286744420181
576460752328208532
1224979098678367723
504403158282569439
1297036692704549648
864691128500879783
1224979098664816241
504403158290197520
648518346373559999
1297036692702621743
504403158296305671
648518346368770801
1369094286756472373
1297036692699947089
504403158281323233
1224979098678472930
648518346368605161
648518346386320778
648518346357915751
504403158289641131
504403158281262864
504403158281518895
1224979098676472011
504403158285410019
1008806316548867233
1008806316547947719
504403158281323577
504403158296367846
648518346354069432
1008806316547466993
864691128479692401
504403158281237180
1297036692721928896
1224979098676469955
1224979098664978159
1224979098687405323
1297036692702688194
1008806316580381195
1297036692714727551
576460752334310670
1224979098665919497
1224979098660117188
1369094286740544712
1224979098680947450
504403158296251675
1369094286739029283
1369094286737074009
1369094286759625130
1297036692731581044
504403158281333848
648518346357903398
576460752322788680
648518346358833002
1297036692731309616
1224979098660415839
1224979098660635274
864691128476932307
1008806316562455785
1008806316548869046
504403158283154814
864691128490173202
1369094286742975575
1369094286751485771
504403158290102003
504403158283115716
1369094286739819806
1297036692699978285
504403158296260250
1008806316548318587
504403158306944442
1224979098674658423
864691128482014526
1008806316552390172
1369094286766041256
1369094286739028400
1224979098686934913
648518346360280562
576460752365752007
1297036692699985318
864691128504459186
1224979098667242681
648518346375550713
1224979098661957828
1008806316555653661
504403158300554136
1369094286737076908
576460752317585315
504403158287453628
1224979098667344392
1369094286746820825
1224979098660027257
504403158296286033
1224979098660014496
648518346375559893
1297036692703665188
1297036692707586146
504403158297732362
504403158283762655
1224979098660119137
504403158281232981
1297036692719893245
1008806316548354565
648518346378718015
504403158282557077
576460752328311141
504403158283118582
1369094286754968835
864691128501078749
864691128500842735
1224979098687510120
576460752344016018
864691128483940327
648518346354065401
1224979098660117917
864691128479838226
576460752343795937
864691128481830520
1224979098665916470
576460752317913208
1008806316570013254
504403158281713588
1224979098687061518
504403158296367846
1008806316547944236
1224979098662685037
1297036692709951806
648518346364027306
1008806316568135748
504403158287468610
864691128476983106
504403158286646623
648518346354310164
1224979098678262384
1297036692701394406
1297036692699950809
1297036692703606871
1369094286746604881
648518346355506083
504403158283900977
1224979098660021043
1008806316548335958
648518346356805066
1224979098663636523
1224979098687708878
864691128475146796
1008806316548910293
1008806316549425900
504403158281443859
1369094286739814268
504403158293964389
504403158281236434
1224979098660296971
576460752320480321
1369094286743071567
648518346355468629
1297036692724737621
1008806316570036619
504403158284605343
648518346357839253
1008806316551208432
1369094286737069699
864691128473161685
1297036692719742736
576460752347648832
1369094286751413280
576460752317373581
1008806316567928500
1297036692714727551
1369094286741694951
504403158300355195
1369094286768850650
504403158281451275
1297036692700769986
1369094286746779904
1008806316555580721
576460752322894203
504403158297640200
504403158297643039
576460752317582487
864691128500750114
1008806316580735983
1224979098661951412
504403158281245056
576460752318316238
504403158282567674
1224979098660120944
648518346354316107
1297036692719738965
1224979098660620543
576460752317588397
1369094286760296029
1297036692700167437
1369094286737167035
504403158282554167
1224979098681902946
1008806316553726430
1369094286746890549
864691128474158985
1224979098660300250
864691128473549247
864691128475747896
576460752320397656
1369094286756608496
1224979098684946586
504403158297849623
1008806316548363572
864691128526141663
576460752355028339
576460752341304174
1369094286754170511
504403158285445474
648518346354112341
504403158296269423
648518346361705186
504403158296240128
1224979098678323833
1297036692707516821
1369094286741694951
1224979098676357255
504403158307041845
1008806316570097962
864691128474978647
1369094286765547624
864691128524994309
576460752334142429
1224979098666019980
1369094286744418889
864691128478205427
1008806316555653661
864691128474172192
1369094286737067211
648518346358754973
1297036692700403574
1369094286737300946
1224979098660023273
1369094286737068583
1008806316567887483
1369094286765448477
1224979098686971776
576460752317374256
504403158281449513
648518346354070691
1224979098664712977
1297036692703692169
504403158281703039
1297036692700174021
1369094286737662501
1369094286737066818
504403158293833965
576460752328257028
1369094286754973304
576460752328100767
1008806316567973102
576460752318252762
1008806316549373659
1224979098660306211
576460752359151664
1224979098662837317
864691128483977763
648518346356110137
648518346356891757
1008806316548898269
1008806316552411021
576460752359087228
1008806316547945984
1008806316562355077
864691128490173202
1224979098661080282
576460752319577773
1297036692719812406
1369094286740423996
1369094286766010360
504403158281333832
576460752343945157
504403158281701146
576460752334051721
648518346360159655
1369094286739819394
1224979098674329925
1369094286739674577
1369094286737069276
648518346354970740
864691128501017376
1297036692707674028
576460752347478737
864691128474181472
864691128504721185
1369094286741717819
1297036692714740695
576460752320400074
1224979098660124415
864691128474909917
576460752333596557
1369094286754791365
648518346375600265
1369094286737169167
648518346373597824
504403158281713588
1369094286737187800
1369094286737658120
648518346363875488
1369094286740533421
1369094286765443404
1224979098661464504
648518346356894237
576460752365552400
504403158281233191
576460752322809719
576460752318910624
576460752344051306
648518346363585547
1369094286744431930
1008806316555542083
864691128490173202
1369094286737069276
864691128476923259
576460752366184225
504403158297598906
1369094286737291060
1224979098669687153
1224979098674791442
504403158282143930
504403158281233037
648518346375709928
576460752320400074
1008806316548878195
1008806316555564514
1224979098660024085
648518346357791187
648518346357915751
504403158289641131
504403158281237180
504403158293964389
864691128524994309
576460752334142429
1224979098666019980
504403158281703039
864691128483977763
1297036692709815011
1224979098660013981
1369094286744465911
648518346358729408
1224979098678480067
1224979098687334905
1224979098661462048
1369094286737955461
864691128479880886
1008806316547965903
1297036692709366939
504403158287405509
1008806316555591267
1369094286760295067
504403158296251629
1369094286739683543
504403158281230021
1297036692724911344
1008806316547502753
1224979098660022227
1224979098664714561
864691128475738863
1224979098660014450
1369094286737945083
576460752322723501
1369094286739014544
1224979098669729127
1008806316570477548
1297036692702699407
1297036692701385990
1008806316547945984
1224979098661080282
648518346360159655
1369094286739674577
504403158297598906
1369094286737952475
1224979098678477321
1008806316567928500
1224979098670435991
1369094286746490769
1369094286754870805
504403158286722920
1297036692703609311
864691128473550138
864691128501017376
576460752347478737
1369094286740551878
1297036692704633199
504403158281233037
504403158286739846
648518346361616051
1008806316562671939
1008806316579953229
648518346363875488
648518346354607746
576460752326372653
1008806316547711357
1369094286751375720
1008806316570098226
576460752326413397
1297036692701942685
1369094286754782783
1369094286743107329
504403158287424174
648518346356101138
504403158285410019
1224979098665919497
1297036692703606871
576460752343667708
1008806316570097962
1369094286744418889
1369094286756732868
1297036692709499299
576460752328189980
1224979098682308697
504403158281519555
1224979098667240838
1297036692707684670
504403158286650861
648518346354068647
576460752366010364
1008806316570136447
648518346358833002
1369094286744508411
1369094286737302545
576460752326375808
1369094286737666559
1008806316553811098
1224979098670677212
504403158285307396
576460752319507396
648518346375740796
1224979098660622006
504403158286656625
504403158281245056
1224979098660614402
1369094286743124862
1224979098660015793
576460752320388738
1369094286738447398
1369094286737684481
648518346354066288
576460752326296330
1008806316547510798
648518346354065780
1369094286750795362
1297036692699980729
1369094286738451658
1369094286740492231
1297036692721828029
1008806316547961934
648518346356073579
1008806316580681972
504403158282551524
1297036692719839557
576460752326246337
648518346361725774
1369094286744431497
864691128476969713
648518346363711417
504403158282138285
1369094286740536627
1224979098660614296
1008806316547472952
864691128479878965
1369094286743072097
1369094286738438197
864691128476948366
504403158297845208
648518346360148563
576460752324482418
1008806316553663508
1224979098660109837
1297036692721782384
648518346375600265
648518346373597824
576460752354957650
864691128479692401
1297036692700415572
576460752326283397
1369094286751392946
864691128483970464
576460752317374826
1297036692721762101
1224979098686900838
1224979098661953492
576460752347740866
576460752321611299
864691128489475199
1297036692731630995
504403158307433833
648518346386493727
648518346358833560
648518346355465269
1008806316548349188
648518346360155255
864691128489543098
576460752347886737
1224979098667361621
576460752343985571
1224979098661470816
648518346379366513
648518346386344940
1369094286754865942
576460752318343277
1224979098674963592
1297036692706203729
576460752317577138
1008806316547711265
1369094286737175725
1297036692724610082
1008806316562458091
504403158281813401
1008806316552406291
648518346363829401
1369094286744511488
1297036692731309616
576460752324376039
504403158281704768
864691128501022393
1224979098660415839
576460752317568771
648518346378866391
1008806316548346836
648518346355498235
648518346363715347
864691128481827863
648518346378748942
648518346354065325
504403158281345356
504403158290732273
1297036692700770797
504403158282049386
1008806316568124490
1369094286737161564
504403158299714157
576460752326200894
1369094286737067392
1369094286754665336
504403158289708149
1224979098660947402
648518346379003047
1297036692699948034
1008806316550038189
864691128473161197
1224979098661195227
504403158286764522
1224979098660104996
504403158285010752
1297036692701385990
1297036692699947089
648518346360159655
1369094286739674577
1224979098660109837
504403158286722920
648518346354635353
648518346354608650
648518346355487761
648518346354970740
648518346356218950
1297036692703609311
1369094286737672138
1369094286740551878
864691128474181472
1297036692704633199
576460752357020130
1224979098687223600
576460752324359505
864691128473563211
576460752354770266
1297036692700178824
1297036692700779188
1369094286737157542
864691128500871306
1224979098666038119
504403158284590335
864691128481824417
1224979098667226044
504403158282057520
1224979098661946409
504403158292707708
504403158281331540
648518346373655145
648518346364007508
1369094286737064872
576460752340997064
504403158306795599
576460752365899390
1224979098687405323
1369094286739029283
864691128475146796
864691128478205427
1008806316555653661
864691128474172192
1369094286737067211
1369094286737300946
648518346354070691
504403158281336295
648518346355515085
504403158296305671
504403158283123372
864691128473550138
1297036692721782384
504403158284611056
864691128501017376
648518346354608410
648518346355997295
576460752341107976
576460752318858314
648518346356820184
504403158297621783
1369094286737658120
864691128512052462
1224979098661975915
648518346356100152
1224979098676469955
648518346358754973
1008806316549373659
1224979098670215338
1369094286737084496
576460752317376094
1008806316553758868
576460752317898304
1224979098660013981
504403158285473510
1369094286740547790
1297036692731581044
1224979098665910244
504403158296251629
1369094286739683543
1008806316573051194
576460752317907968
504403158281242250
1297036692701322214
864691128472667670
1297036692724445025
648518346356887068
1008806316548351387
1297036692731630995
1008806316568118297
648518346363699015
1008806316562617184
1369094286759938352
1224979098660014922
1224979098660108425
864691128473169054
1297036692702681607
504403158281525119
576460752343783001
648518346354998160
576460752328311889
1224979098674791442
504403158282143930
504403158281233037
504403158286723639
576460752347546915
504403158294125323
576460752317899272
1297036692699985460
504403158281262864
576460752318931901
1297036692700403574
1369094286737300946
504403158281236593
504403158281331938
864691128473613973
576460752328189980
1224979098660123154
1369094286740547790
1369094286738462374
504403158287409502
576460752317901055
504403158281813547
1224979098678461889
648518346373492030
648518346368775243
648518346360203484
1008806316580003468
576460752317578955
504403158287405509
1369094286739683543
1008806316549499503
1224979098660013996
1297036692707638928
504403158282561861
576460752321677188
576460752334141988
504403158297599175
576460752347242043
1224979098660303191
864691128472667580
1224979098660961535
1369094286742979282
1369094286751392946
864691128483970464
576460752317374826
576460752347740866
504403158283793015
504403158284611056
504403158299833876
1224979098660020226
576460752334305685
1008806316547947719
1224979098680947450
1369094286746604924
1369094286737080073
504403158287453628
576460752319576521
576460752317574503
648518346356100486
1224979098674963592
576460752317577138
1297036692731309616
1297036692702723899
1224979098660628619
1008806316548910875
1008806316580314722
1297036692714478193
1297036692706218742
648518346378704715
504403158283908591
1297036692719813644
864691128504521034
864691128498246792
504403158282549126
1008806316547953944
504403158281450964
648518346357906654
1369094286738455346
504403158281229406
648518346368645090
864691128524974156
576460752317373551
504403158285446143
1224979098665905449
864691128476930668
504403158294034644
1008806316573139258
576460752334317722
648518346369089342
864691128513052186
1297036692700186223
1297036692701924857
1297036692724732897
504403158283762655
504403158281229271
1008806316568048483
504403158283143207
648518346378919299
648518346361618844
576460752318858314
576460752321550863
504403158307041845
1369094286737076908
1224979098660291064
576460752324376039
648518346378866391
864691128472669560
648518346360162776
1224979098681329373
576460752326416752
1369094286737174972
648518346357842164
864691128504429679
864691128490079863
504403158285421295
1297036692703611650
1369094286737073906
576460752319527697
1297036692700768404
1008806316547466198
648518346373559952
1369094286737065947
1008806316549376270
1224979098660110866
864691128480174555
504403158283764892
864691128490140358
1297036692706195165
864691128481996742
504403158281519405
576460752318857640
1008806316555408808
1224979098681963964
504403158281336690
1224979098663641578
1369094286737679340
576460752319491940
648518346354621925
1224979098660119137
1008806316557065016
864691128497988652
648518346368759366
1224979098661477612
576460752318356593
1224979098676493423
1369094286759437748
864691128473626103
576460752347648832
504403158281520982
504403158281697403
504403158286655206
504403158284586769
1369094286754974490
1224979098660023273
1369094286737068583
648518346369078040
504403158283139462
1297036692724732897
504403158281717697
504403158306799630
648518346354612421
1224979098660111101
576460752318261044
1297036692701939561
1297036692699950931
504403158304553654
504403158299896846
504403158281236772
864691128504997782
648518346357788198
1369094286741774681
1369094286754733335
1224979098661086064
864691128501033490
1297036692701385511
1008806316562328689
1369094286754739521
1369094286740535239
1008806316573024996
504403158287465415
1297036692700419528
504403158282550584
576460752317374121
1008806316547942555
576460752321637611
504403158287477030
864691128489536551
1008806316570166466
504403158282123438
1224979098661962872
1297036692700868418
1369094286740490808
1008806316550228377
1297036692700783977
576460752347584628
648518346361708221
504403158281514380
1369094286740423996
576460752347723695
1224979098660306211
576460752343829245
864691128513093527
1224979098660016651
504403158281698797
1297036692699953039
1297036692703670959
864691128479676712
1224979098670319079
1224979098674624552
576460752328078132
1224979098676503166
1008806316557208215
864691128513075766
576460752343999584
864691128481892174
576460752330944011
1008806316552407115
1224979098660030631
576460752317373716
1224979098660020653
1224979098661968031
1369094286751224783
1008806316551204069
504403158287818312
864691128504698956
576460752322808818
648518346355498235
864691128512093331
1369094286741604562
1008806316573079968
648518346354316285
1369094286746487230
648518346379012092
864691128472669485
1297036692719940238
1369094286737651985
864691128500989460
648518346363550847
864691128524113896
1224979098666012920
1369094286738445018
1297036692702591489
576460752317373791
1369094286746797180
648518346386591106
576460752317376364
1224979098660765926
864691128476032983
864691128473169618
1297036692719742736
576460752333596557
1008806316552456679
1297036692709951806
1008806316567887483
864691128473154284
1297036692724760132
504403158281230021
576460752326229013
1008806316547700658
648518346358833560
648518346379366513
648518346363699015
1297036692700177959
504403158297617515
1369094286765796332
1297036692699953039
648518346378833600
864691128475853586
504403158286714758
1369094286739737205
1369094286739695457
504403158281232981
1297036692719893245
576460752321624827
1369094286737667040
1008806316547465328
1369094286740423087
864691128477029653
1369094286744452456
1224979098660116887
1297036692701880972
504403158289938373
504403158281713448
1224979098660015074
1297036692706226136
864691128472669050
1008806316550157223
1297036692702605841
1008806316548343834
576460752318344201
864691128504698956
1297036692706206856
1297036692709870925
648518346363689970
648518346355994818
864691128481954374
1008806316553839219
1369094286759940301
1008806316552528653
576460752347304302
648518346354629979
504403158282143930
1369094286739077701
576460752326427545
1369094286737066919
576460752319601074
1008806316553771501
504403158300463902
504403158296260250
504403158281443859
504403158281236434
1369094286765448477
1369094286751680066
864691128500791291
1369094286738462374
504403158281813547
1297036692724911344
1008806316547502753
504403158297781576
864691128481890299
864691128472669050
1369094286738733966
1008806316572963310
1369094286759617131
1297036692721699696
1008806316547960984
1297036692721757955
504403158281229586
648518346357837068
1008806316551209421
576460752317374016
1297036692700780495
1008806316551281673
864691128472670355
864691128474160548
576460752322921392
504403158300382937
576460752321681578
648518346356069727
1369094286743129567
864691128475108657
1008806316570179357
1008806316570206080
1224979098661979258
1224979098661479247
1297036692699947509
648518346355502351
504403158296269423
1369094286739685235
1008806316547945984
1369094286739819394
648518346378898621
504403158281233037
864691128473563211
576460752354770266
648518346356820184
1369094286737066919
1297036692714740695
1224979098667224363
1008806316570097962
1297036692709815011
864691128472882072
1224979098660123154
1008806316580003468
1297036692703665188
648518346358833002
576460752365918511
1297036692706247898
1008806316557017164
504403158293801504
1008806316549497244
864691128483834446
864691128476902214
1224979098667247293
1297036692702705259
1369094286737076007
1008806316573024996
648518346355499947
1224979098674908391
504403158285472597
864691128483993814
1008806316555580721
576460752322894203
1224979098681236559
648518346357871551
1008806316555408882
504403158289917563
1297036692700419528
1008806316551197747
1369094286738455037
1369094286740521201
864691128500825601
864691128481848118
504403158284589420
1224979098681629723
1297036692701391023
864691128481944603
648518346378898621
1369094286750895647
648518346354068916
504403158286723639
576460752347121836
1297036692700178824
1224979098660308754
1224979098675759862
1224979098676466854
864691128473167978
504403158283787810
1224979098661483851
504403158296271339
1297036692714703785
1369094286751137941
504403158282571728
1008806316551197747
1369094286737949781
576460752317339526
504403158290225750
504403158297700992
1008806316547959901
864691128475136249
1008806316547466513
1369094286737078019
576460752326407463
504403158281228476
1008806316547505558
1224979098664793872
648518346357842698
1369094286739010200
1369094286737295478
504403158281329047
1297036692700786371
1008806316555550646
504403158289638788
648518346369168741
1224979098670399349
864691128473538274
864691128473549706
1008806316547502383
504403158283146798
1297036692721660371
1369094286737164982
1008806316570014541
1224979098681522162
1297036692700877427
1369094286746736547
1297036692699952911
1008806316551184321
576460752318309719
864691128525059601
1224979098661455221
1297036692702682550
1369094286737066704
1224979098670545006
504403158281708047
864691128475933308
576460752321655153
648518346361731059
1369094286737065029
1297036692700185808
576460752319601074
648518346355497223
1008806316553918531
576460752318252250
1297036692714532152
504403158289829540
1224979098661481054
576460752326241007
1369094286739809005
1224979098661468707
1008806316549421112
648518346378507601
1369094286754872691
1369094286743079998
504403158285010752
576460752317373581
504403158281520982
1369094286750895647
1369094286737300068
1297036692700779188
1297036692699947464
1224979098664799052
504403158281341625
504403158283135033
576460752355467719
576460752343748025
504403158286655206
1224979098662685037
648518346356075332
1297036692707510382
1369094286750901729
504403158297829459
1224979098669600403
1224979098660964228
504403158285440096
1369094286737157121
1224979098664714561
864691128475738863
1224979098660014450
504403158297746093
576460752326210455
1369094286756607359
1369094286744520163
576460752355082299
1369094286737073300
504403158283908591
1297036692700186223
1297036692699950931
1224979098670319079
1369094286737076007
1224979098667201192
1224979098687076545
1297036692704592317
1369094286751137941
864691128483993814
1369094286738455037
1369094286740521201
504403158281699419
1297036692731901634
504403158281517927
1369094286737663530
504403158284589049
576460752317583986
864691128489373755
1369094286765927501
504403158281345432
1369094286754678403
1297036692707516821
1297036692707674028
576460752347478737
1369094286740551878
864691128474181472
1297036692704633199
576460752357020130
1224979098687223600
576460752324359505
576460752318858314
504403158293833965
1297036692699992609
1008806316551184118
1369094286751389348
576460752324427699
504403158285321341
1008806316552507498
1224979098660304283
648518346356088725
864691128481879972
504403158294034644
1224979098661979258
1224979098681236559
648518346357871551
864691128476875292
1297036692701921091
648518346357851282
1297036692721927582
648518346386383337
576460752365537044
504403158299700301
1224979098660019415
1369094286737161373
1369094286739015664
504403158283883522
504403158287499539
864691128478188189
1224979098660295908
864691128497981993
576460752343775167
1008806316547495759
648518346361713373
504403158281229046
1008806316547512416
1008806316580779549
576460752324439303
1224979098664718055
504403158282570343
504403158285309776
1369094286739685235
1224979098660633511
504403158285010752
504403158284624429
576460752366184225
504403158281520982
648518346378898621
504403158281233037
864691128473563211
576460752354770266
648518346356820184
1369094286737066919
1369094286750895647
648518346354068916
504403158286723639
576460752347121836
1297036692700178824
576460752318309719
576460752319601074
648518346355497223
1369094286737300068
1297036692700779188
1297036692699947464
1224979098664799052
504403158281341625
504403158283135033
576460752355467719
576460752343748025
504403158286655206
504403158297635446
504403158284586769
864691128481830520
864691128504721185
504403158281237127
1008806316553746115
576460752341013543
1008806316547715187
1369094286741717819
1224979098661466215
1297036692714740695
576460752324732264
1369094286742975575
648518346375709928
576460752320400074
1224979098681546420
1297036692706148974
864691128498129631
576460752347156967
504403158281715475
1224979098687482075
864691128497921507
1008806316562555238
648518346354629979
504403158297845208
864691128479838226
1224979098670435991
1369094286754870805
504403158281345432
648518346378898621
576460752324732264
1224979098661950789
504403158281323233
1008806316551265194
1008806316551183005
1224979098665916470
504403158286739846
1224979098687717681
576460752347546915
648518346375600265
504403158300624331
1369094286737157542
1224979098678472930
1369094286737169167
864691128500871306
576460752317913208
648518346361616051
576460752317374211
576460752324425046
648518346355992960
1008806316562671939
504403158281237004
1008806316553863852
648518346373481739
1008806316557188624
1297036692704687899
1008806316570013254
1008806316570055735
1297036692707662591
648518346354066207
1224979098666038119
1008806316562312792
864691128478049139
1297036692709661993
1224979098667224363
1008806316552456679
504403158281235767
648518346373597824
1008806316573231236
504403158297621783
1008806316570477548
864691128476025330
1224979098660014435
576460752324384544
1224979098667224329
1297036692707636217
1297036692709489059
1297036692701385990
504403158281701146
1369094286739819394
648518346354608410
648518346361618844
1008806316551183005
1008806316553863852
648518346368605161
1369094286740533421
1008806316548878195
1008806316555564514
1224979098660024085
648518346354607746
864691128512052462
1224979098660020226
576460752334305685
864691128472669620
576460752321549182
1297036692721793011
1224979098667226044
1297036692699954004
576460752324377976
1369094286738454567
576460752328058934
1297036692701388180
648518346357791187
576460752321559724
648518346354065946
504403158282057520
1369094286765443404
1224979098661464504
1369094286759954631
1369094286737290045
1369094286737297437
1297036692707627820
864691128479906763
1008806316553771501
504403158281701066
576460752326372653
1224979098661975915
504403158300463902
648518346356894237
1224979098660976478
1224979098660962339
1369094286751413280
1369094286754678403
864691128478049139
648518346354607746
504403158281331540
1297036692701942685
864691128474166417
1369094286746825398
576460752317899272
648518346369266969
648518346373655145
504403158281233191
648518346386976872
1297036692701318710
648518346364007508
1297036692699954414
648518346354611838
576460752328327167
648518346354069088
576460752319507141
576460752322809719
576460752321550863
504403158293812487
864691128498000727
1369094286737064872
1224979098660962824
576460752340997064
1369094286751485771
864691128472669680
1008806316547713220
864691128473614703
648518346356081382
1297036692700188300
1297036692709731777
1297036692700782296
1297036692699985460
1369094286754782783
648518346369274864
576460752354957650
648518346360171348
576460752318910624
1008806316562281388
1369094286743107329
864691128498020061
648518346354990009
504403158306524007
1369094286737307524
1369094286751541052
648518346386320778
1369094286737674538
1224979098662830462
1369094286737080697
1224979098686805126
504403158290098543
864691128474153619
504403158283115716
1369094286744495288
1224979098660634221
648518346355495682
1369094286744411171
648518346358843285
576460752322747050
648518346354113218
648518346356101138
648518346363585547
864691128474150496
1297036692699946969
1224979098661193414
504403158290312799
504403158283139462
1008806316570010461
648518346354632467
1297036692724476543
576460752321657266
1297036692700186223
864691128489482345
1369094286739690213
648518346368935732
1224979098681660082
1224979098666006653
504403158294145546
1369094286756653409
576460752328115738
648518346354066122
1369094286738450445
648518346354318493
1297036692700174353
1297036692716758881
1224979098661954842
1369094286744420181
576460752328208532
1224979098678367723
504403158282569439
1297036692704549648
864691128500879783
1224979098664816241
504403158290197520
648518346373559999
1297036692702621743
504403158296305671
648518346368770801
1369094286756472373
1297036692699947089
504403158281323233
1224979098678472930
648518346368605161
648518346386320778
648518346357915751
504403158289641131
504403158281262864
504403158281518895
1224979098676472011
504403158285410019
1008806316548867233
1008806316547947719
504403158281323577
504403158296367846
648518346354069432
1008806316547466993
864691128479692401
504403158281237180
1297036692721928896
1224979098676469955
1224979098664978159
1224979098687405323
1297036692702688194
1008806316580381195
1297036692714727551
576460752334310670
1224979098665919497
1224979098660117188
1369094286740544712
1224979098680947450
504403158296251675
1369094286739029283
1369094286737074009
1369094286759625130
1297036692731581044
504403158281333848
648518346357903398
576460752322788680
648518346358833002
1297036692731309616
1224979098660415839
1224979098660635274
864691128476932307
1008806316562455785
1008806316548869046
504403158283154814
864691128490173202
1369094286742975575
1369094286751485771
504403158290102003
504403158283115716
1369094286739819806
1297036692699978285
504403158296260250
1008806316548318587
504403158306944442
1224979098674658423
864691128482014526
1008806316552390172
1369094286766041256
1369094286739028400
1224979098686934913
648518346360280562
576460752365752007
1297036692699985318
864691128504459186
1224979098667242681
648518346375550713
1224979098661957828
1008806316555653661
504403158300554136
1369094286737076908
576460752317585315
504403158287453628
1224979098667344392
1369094286746820825
1224979098660027257
504403158296286033
1224979098660014496
648518346375559893
1297036692703665188
1297036692707586146
504403158297732362
504403158283762655
1224979098660119137
504403158281232981
1297036692719893245
1008806316548354565
648518346378718015
504403158282557077
576460752328311141
504403158283118582
1369094286754968835
864691128501078749
864691128500842735
1224979098687510120
576460752344016018
864691128483940327
648518346354065401
1224979098660117917
864691128479838226
576460752343795937
864691128481830520
1224979098665916470
576460752317913208
1008806316570013254
504403158281713588
1224979098687061518
504403158296367846
1008806316547944236
1224979098662685037
1297036692709951806
648518346364027306
1008806316568135748
504403158287468610
864691128476983106
504403158286646623
648518346354310164
1224979098678262384
1297036692701394406
1297036692699950809
1297036692703606871
1369094286746604881
648518346355506083
504403158283900977
1224979098660021043
1008806316548335958
648518346356805066
1224979098663636523
1224979098687708878
864691128475146796
1008806316548910293
1008806316549425900
504403158281443859
1369094286739814268
504403158293964389
504403158281236434
1224979098660296971
576460752320480321
1369094286743071567
648518346355468629
1297036692724737621
1008806316570036619
504403158284605343
648518346357839253
1008806316551208432
1369094286737069699
864691128473161685
1297036692719742736
576460752347648832
1369094286751413280
576460752317373581
1008806316567928500
1297036692714727551
1369094286741694951
504403158300355195
1369094286768850650
504403158281451275
1297036692700769986
1369094286746779904
1008806316555580721
576460752322894203
504403158297640200
504403158297643039
576460752317582487
864691128500750114
1008806316580735983
1224979098661951412
504403158281245056
576460752318316238
504403158282567674
1224979098660120944
648518346354316107
1297036692719738965
1224979098660620543
576460752317588397
1369094286760296029
1297036692700167437
1369094286737167035
504403158282554167
1224979098681902946
1008806316553726430
1369094286746890549
864691128474158985
1224979098660300250
864691128473549247
864691128475747896
576460752320397656
1369094286756608496
1224979098684946586
504403158297849623
1008806316548363572
864691128526141663
576460752355028339
576460752341304174
1369094286754170511
504403158285445474
648518346354112341
504403158296269423
648518346361705186
504403158296240128
1224979098678323833
1297036692707516821
1369094286741694951
1224979098676357255
504403158307041845
1008806316570097962
864691128474978647
1369094286765547624
864691128524994309
576460752334142429
1224979098666019980
1369094286744418889
864691128478205427
1008806316555653661
864691128474172192
1369094286737067211
648518346358754973
1297036692700403574
1369094286737300946
1224979098660023273
1369094286737068583
1008806316567887483
1369094286765448477
1224979098686971776
576460752317374256
504403158281449513
648518346354070691
1224979098664712977
1297036692703692169
504403158281703039
1297036692700174021
1369094286737662501
1369094286737066818
504403158293833965
576460752328257028
1369094286754973304
576460752328100767
1008806316567973102
576460752318252762
1008806316549373659
1224979098660306211
576460752359151664
1224979098662837317
864691128483977763
648518346356110137
648518346356891757
1008806316548898269
1008806316552411021
576460752359087228
1008806316547945984
1008806316562355077
864691128490173202
1224979098661080282
576460752319577773
1297036692719812406
1369094286740423996
1369094286766010360
504403158281333832
576460752343945157
504403158281701146
576460752334051721
648518346360159655
1369094286739819394
1224979098674329925
1369094286739674577
1369094286737069276
648518346354970740
864691128501017376
1297036692707674028
576460752347478737
864691128474181472
864691128504721185
1369094286741717819
1297036692714740695
576460752320400074
1224979098660124415
864691128474909917
576460752333596557
1369094286754791365
648518346375600265
1369094286737169167
648518346373597824
504403158281713588
1369094286737187800
1369094286737658120
648518346363875488
1369094286740533421
1369094286765443404
1224979098661464504
648518346356894237
576460752365552400
504403158281233191
576460752322809719
576460752318910624
576460752344051306
648518346363585547
1369094286744431930
1008806316555542083
864691128490173202
1369094286737069276
864691128476923259
576460752366184225
504403158297598906
1369094286737291060
1224979098669687153
1224979098674791442
504403158282143930
504403158281233037
648518346375709928
576460752320400074
1008806316548878195
1008806316555564514
1224979098660024085
648518346357791187
648518346357915751
504403158289641131
504403158281237180
504403158293964389
864691128524994309
576460752334142429
1224979098666019980
504403158281703039
864691128483977763
1297036692709815011
1224979098660013981
1369094286744465911
648518346358729408
1224979098678480067
1224979098687334905
1224979098661462048
1369094286737955461
864691128479880886
1008806316547965903
1297036692709366939
504403158287405509
1008806316555591267
1369094286760295067
504403158296251629
1369094286739683543
504403158281230021
1297036692724911344
1008806316547502753
1224979098660022227
1224979098664714561
864691128475738863
1224979098660014450
1369094286737945083
576460752322723501
1369094286739014544
1224979098669729127
1008806316570477548
1297036692702699407
1297036692701385990
1008806316547945984
1224979098661080282
648518346360159655
1369094286739674577
504403158297598906
1369094286737952475
1224979098678477321
1008806316567928500
1224979098670435991
1369094286746490769
1369094286754870805
504403158286722920
1297036692703609311
864691128473550138
864691128501017376
576460752347478737
1369094286740551878
1297036692704633199
504403158281233037
504403158286739846
648518346361616051
1008806316562671939
1008806316579953229
648518346363875488
648518346354607746
576460752326372653
1008806316547711357
1369094286751375720
1008806316570098226
576460752326413397
1297036692701942685
1369094286754782783
1369094286743107329
504403158287424174
648518346356101138
504403158285410019
1224979098665919497
1297036692703606871
576460752343667708
1008806316570097962
1369094286744418889
1369094286756732868
1297036692709499299
576460752328189980
1224979098682308697
504403158281519555
1224979098667240838
1297036692707684670
504403158286650861
648518346354068647
576460752366010364
1008806316570136447
648518346358833002
1369094286744508411
1369094286737302545
576460752326375808
1369094286737666559
1008806316553811098
1224979098670677212
504403158285307396
576460752319507396
648518346375740796
1224979098660622006
504403158286656625
504403158281245056
1224979098660614402
1369094286743124862
1224979098660015793
576460752320388738
1369094286738447398
1369094286737684481
648518346354066288
576460752326296330
1008806316547510798
648518346354065780
1369094286750795362
1297036692699980729
1369094286738451658
1369094286740492231
1297036692721828029
1008806316547961934
648518346356073579
1008806316580681972
504403158282551524
1297036692719839557
576460752326246337
648518346361725774
1369094286744431497
864691128476969713
648518346363711417
504403158282138285
1369094286740536627
1224979098660614296
1008806316547472952
864691128479878965
1369094286743072097
1369094286738438197
864691128476948366
504403158297845208
648518346360148563
576460752324482418
1008806316553663508
1224979098660109837
1297036692721782384
648518346375600265
648518346373597824
576460752354957650
864691128479692401
1297036692700415572
576460752326283397
1369094286751392946
864691128483970464
576460752317374826
1297036692721762101
1224979098686900838
1224979098661953492
576460752347740866
576460752321611299
864691128489475199
1297036692731630995
504403158307433833
648518346386493727
648518346358833560
648518346355465269
1008806316548349188
648518346360155255
864691128489543098
576460752347886737
1224979098667361621
576460752343985571
1224979098661470816
648518346379366513
648518346386344940
1369094286754865942
576460752318343277
1224979098674963592
1297036692706203729
576460752317577138
1008806316547711265
1369094286737175725
1297036692724610082
1008806316562458091
504403158281813401
1008806316552406291
648518346363829401
1369094286744511488
1297036692731309616
576460752324376039
504403158281704768
864691128501022393
1224979098660415839
576460752317568771
648518346378866391
1008806316548346836
648518346355498235
648518346363715347
864691128481827863
648518346378748942
648518346354065325
504403158281345356
504403158290732273
1297036692700770797
504403158282049386
1008806316568124490
1369094286737161564
504403158299714157
576460752326200894
1369094286737067392
1369094286754665336
504403158289708149
1224979098660947402
648518346379003047
1297036692699948034
1008806316550038189
864691128473161197
1224979098661195227
504403158286764522
1224979098660104996
504403158285010752
1297036692701385990
1297036692699947089
648518346360159655
1369094286739674577
1224979098660109837
504403158286722920
648518346354635353
648518346354608650
648518346355487761
648518346354970740
648518346356218950
1297036692703609311
1369094286737672138
1369094286740551878
864691128474181472
1297036692704633199
576460752357020130
1224979098687223600
576460752324359505
864691128473563211
576460752354770266
1297036692700178824
1297036692700779188
1369094286737157542
864691128500871306
1224979098666038119
504403158284590335
864691128481824417
1224979098667226044
504403158282057520
1224979098661946409
504403158292707708
504403158281331540
648518346373655145
648518346364007508
1369094286737064872
576460752340997064
504403158306795599
576460752365899390
1224979098687405323
1369094286739029283
864691128475146796
864691128478205427
1008806316555653661
864691128474172192
1369094286737067211
1369094286737300946
648518346354070691
504403158281336295
648518346355515085
504403158296305671
504403158283123372
864691128473550138
1297036692721782384
504403158284611056
864691128501017376
648518346354608410
648518346355997295
576460752341107976
576460752318858314
648518346356820184
504403158297621783
1369094286737658120
864691128512052462
1224979098661975915
648518346356100152
1224979098676469955
648518346358754973
1008806316549373659
1224979098670215338
1369094286737084496
576460752317376094
1008806316553758868
576460752317898304
1224979098660013981
504403158285473510
1369094286740547790
1297036692731581044
1224979098665910244
504403158296251629
1369094286739683543
1008806316573051194
576460752317907968
504403158281242250
1297036692701322214
864691128472667670
1297036692724445025
648518346356887068
1008806316548351387
1297036692731630995
1008806316568118297
648518346363699015
1008806316562617184
1369094286759938352
1224979098660014922
1224979098660108425
864691128473169054
1297036692702681607
504403158281525119
576460752343783001
648518346354998160
576460752328311889
1224979098674791442
504403158282143930
504403158281233037
504403158286723639
576460752347546915
504403158294125323
576460752317899272
1297036692699985460
504403158281262864
576460752318931901
1297036692700403574
1369094286737300946
504403158281236593
504403158281331938
864691128473613973
576460752328189980
1224979098660123154
1369094286740547790
1369094286738462374
504403158287409502
576460752317901055
504403158281813547
1224979098678461889
648518346373492030
648518346368775243
648518346360203484
1008806316580003468
576460752317578955
504403158287405509
1369094286739683543
1008806316549499503
1224979098660013996
1297036692707638928
504403158282561861
576460752321677188
576460752334141988
504403158297599175
576460752347242043
1224979098660303191
864691128472667580
1224979098660961535
1369094286742979282
1369094286751392946
864691128483970464
576460752317374826
576460752347740866
504403158283793015
504403158284611056
504403158299833876
1224979098660020226
576460752334305685
1008806316547947719
1224979098680947450
1369094286746604924
1369094286737080073
504403158287453628
576460752319576521
576460752317574503
648518346356100486
1224979098674963592
576460752317577138
1297036692731309616
1297036692702723899
1224979098660628619
1008806316548910875
1008806316580314722
1297036692714478193
1297036692706218742
648518346378704715
504403158283908591
1297036692719813644
864691128504521034
864691128498246792
504403158282549126
1008806316547953944
504403158281450964
648518346357906654
1369094286738455346
504403158281229406
648518346368645090
864691128524974156
576460752317373551
504403158285446143
1224979098665905449
864691128476930668
504403158294034644
1008806316573139258
576460752334317722
648518346369089342
864691128513052186
1297036692700186223
1297036692701924857
1297036692724732897
504403158283762655
504403158281229271
1008806316568048483
504403158283143207
648518346378919299
648518346361618844
576460752318858314
576460752321550863
504403158307041845
1369094286737076908
1224979098660291064
576460752324376039
648518346378866391
864691128472669560
648518346360162776
1224979098681329373
576460752326416752
1369094286737174972
648518346357842164
864691128504429679
864691128490079863
504403158285421295
1297036692703611650
1369094286737073906
576460752319527697
1297036692700768404
1008806316547466198
648518346373559952
1369094286737065947
1008806316549376270
1224979098660110866
864691128480174555
504403158283764892
864691128490140358
1297036692706195165
864691128481996742
504403158281519405
576460752318857640
1008806316555408808
1224979098681963964
504403158281336690
1224979098663641578
1369094286737679340
576460752319491940
648518346354621925
1224979098660119137
1008806316557065016
864691128497988652
648518346368759366
1224979098661477612
576460752318356593
1224979098676493423
1369094286759437748
864691128473626103
576460752347648832
504403158281520982
504403158281697403
504403158286655206
504403158284586769
1369094286754974490
1224979098660023273
1369094286737068583
648518346369078040
504403158283139462
1297036692724732897
504403158281717697
504403158306799630
648518346354612421
1224979098660111101
576460752318261044
1297036692701939561
1297036692699950931
504403158304553654
504403158299896846
504403158281236772
864691128504997782
648518346357788198
1369094286741774681
1369094286754733335
1224979098661086064
864691128501033490
1297036692701385511
1008806316562328689
1369094286754739521
1369094286740535239
1008806316573024996
504403158287465415
1297036692700419528
504403158282550584
576460752317374121
1008806316547942555
576460752321637611
504403158287477030
864691128489536551
1008806316570166466
504403158282123438
1224979098661962872
1297036692700868418
1369094286740490808
1008806316550228377
1297036692700783977
576460752347584628
648518346361708221
504403158281514380
1369094286740423996
576460752347723695
1224979098660306211
576460752343829245
864691128513093527
1224979098660016651
504403158281698797
1297036692699953039
1297036692703670959
864691128479676712
1224979098670319079
1224979098674624552
576460752328078132
1224979098676503166
1008806316557208215
864691128513075766
576460752343999584
864691128481892174
576460752330944011
1008806316552407115
1224979098660030631
576460752317373716
1224979098660020653
1224979098661968031
1369094286751224783
1008806316551204069
504403158287818312
864691128504698956
576460752322808818
648518346355498235
864691128512093331
1369094286741604562
1008806316573079968
648518346354316285
1369094286746487230
648518346379012092
864691128472669485
1297036692719940238
1369094286737651985
864691128500989460
648518346363550847
864691128524113896
1224979098666012920
1369094286738445018
1297036692702591489
576460752317373791
1369094286746797180
648518346386591106
576460752317376364
1224979098660765926
864691128476032983
864691128473169618
1297036692719742736
576460752333596557
1008806316552456679
1297036692709951806
1008806316567887483
864691128473154284
1297036692724760132
504403158281230021
576460752326229013
1008806316547700658
648518346358833560
648518346379366513
648518346363699015
1297036692700177959
504403158297617515
1369094286765796332
1297036692699953039
648518346378833600
864691128475853586
504403158286714758
1369094286739737205
1369094286739695457
504403158281232981
1297036692719893245
576460752321624827
1369094286737667040
1008806316547465328
1369094286740423087
864691128477029653
1369094286744452456
1224979098660116887
1297036692701880972
504403158289938373
504403158281713448
1224979098660015074
1297036692706226136
864691128472669050
1008806316550157223
1297036692702605841
1008806316548343834
576460752318344201
864691128504698956
1297036692706206856
1297036692709870925
648518346363689970
648518346355994818
864691128481954374
1008806316553839219
1369094286759940301
1008806316552528653
576460752347304302
648518346354629979
504403158282143930
1369094286739077701
576460752326427545
1369094286737066919
576460752319601074
1008806316553771501
504403158300463902
504403158296260250
504403158281443859
504403158281236434
1369094286765448477
1369094286751680066
864691128500791291
1369094286738462374
504403158281813547
1297036692724911344
1008806316547502753
504403158297781576
864691128481890299
864691128472669050
1369094286738733966
1008806316572963310
1369094286759617131
1297036692721699696
1008806316547960984
1297036692721757955
504403158281229586
648518346357837068
1008806316551209421
576460752317374016
1297036692700780495
1008806316551281673
864691128472670355
864691128474160548
576460752322921392
504403158300382937
576460752321681578
648518346356069727
1369094286743129567
864691128475108657
1008806316570179357
1008806316570206080
1224979098661979258
1224979098661479247
1297036692699947509
648518346355502351
